  1156333919  -862829816  1584962886   805484749
 -1261266220 -1638334757 -1664457285  -700347817
  1633139069 -1420818082  1062264492  1832364029
  1724767566  -715304116   556877702  2093855559
  1088579178  -186413032  -102716495 -1335676138
   352622917  1786733941  -728753452 -1540420670
 -1887825806   201889304 -1637509908 -1912532267
  -636050757  -790638571  1006202398  1688199937
    19003447 -2116887926 -1277392640  1955062078
 -1340558360   135233753   737933430   376743772
  -939484894 -1876381915   133222538 -1444312382
 -1029969512  -469681139  1548564806  1071142612
   302406065 -1358075243  -738481140   854741731
  -534329896 -1507888894  -930412991 -1674015097
 -1162625189   904413235  2095870188 -1970454832
  1868992421   858057211   193676968  2109017155
   -16703118   626121714  2081162211  -709734132
 -1289905556 -1689918268   930776222   902332794
  1354750911 -1314806619 -1020689309  1782540279
   413739988 -1055755130   658707412  1214809611
 -1754368458  1747440395 -1164671366  -264656836
  1965113316 -1390363130  1608065414 -2057342167
 -1706294242   408682513  -628776418   912276825
   212437618  1404483108  1077058052  1433129693
   490987577 -2090364618 -1889455064 -1640669487
  1678832245  1216650023 -1080863454  1941851090
   350779664 -1807324173  1680461950   905963411
  1250881445  1865075847  1006442933    21285121
  -321121253  -329127229 -1272203858  1780559338
  1007131981   108861754  1155979854 -1265215889
 -1689119715  1755461389  1505372183   245267960
 -1465743637   108965779  1946583480 -1783774010
    59504276  1473552979    78067028  -765963398
   882036149  -258533352   353578545  1474569114
  -315578848   342241991   362599207 -1711472327
    -4407069 -1397841280 -1463138857 -1910797788
  2064806422   566841990  1676236346   802699359
  -243929072  1986994242
